Namespace(GPU=0, channels=3, eps=0.5, img_size=128, kernels_size=9, latent_dim=32, lrelu=1e-06, model_path='models/2_G.pt', padding=4, points=10, results_path='results', sample=20, seed_path='seeds.txt', tag='inter2_7_', verbose=False)
Generator(
  (l1): Sequential(
    (0): Linear(in_features=32, out_features=131072, bias=True)
    (1): LeakyReLU(negative_slope=1e-06, inplace)
  )
  (conv1): Sequential(
    (0): UpsamplingNearest2d(scale_factor=2.0, mode=nearest)
    (1): Conv2d(512, 256, kernel_size=(9, 9), stride=(1, 1), padding=(4, 4))
    (2): BatchNorm2d(256, eps=0.5, momentum=0.1, affine=True, track_running_stats=True)
    (3): LeakyReLU(negative_slope=1e-06, inplace)
  )
  (conv2): Sequential(
    (0): UpsamplingNearest2d(scale_factor=2.0, mode=nearest)
    (1): Conv2d(256, 128, kernel_size=(9, 9), stride=(1, 1), padding=(4, 4))
    (2): BatchNorm2d(128, eps=0.5, momentum=0.1, affine=True, track_running_stats=True)
    (3): LeakyReLU(negative_slope=1e-06, inplace)
  )
  (conv3): Sequential(
    (0): UpsamplingNearest2d(scale_factor=2.0, mode=nearest)
    (1): Conv2d(128, 64, kernel_size=(9, 9), stride=(1, 1), padding=(4, 4))
    (2): BatchNorm2d(64, eps=0.5, momentum=0.1, affine=True, track_running_stats=True)
    (3): LeakyReLU(negative_slope=1e-06, inplace)
  )
  (conv_blocks): Sequential(
    (0): Conv2d(64, 3, kernel_size=(3, 3), stride=(1, 1), padding=(1, 1))
    (1): Tanh()
  )
)
Total number of parameters: 18263043

Load model : Generator
[[-0.83522463 -0.8888301   1.38195553 ... -1.99273263 -0.1584092
   1.08434924]
 [-0.62523951 -0.65627898  1.33409783 ... -1.67485216 -0.11344359
   1.03929379]
 [-0.4152544  -0.42372785  1.28624012 ... -1.35697169 -0.06847798
   0.99423834]
 ...
 [-1.00548894 -1.18833149  1.11407909 ... -0.09834237 -0.61676055
   0.10376686]
 [-1.15950177 -1.12101682  1.33088669 ...  0.05431978 -0.82030588
   0.20827056]
 [-1.31351461 -1.05370216  1.54769429 ...  0.20698193 -1.02385121
   0.31277427]]
(200, 32)
[[1.88986606e+00 2.09296014e+00 4.30719377e-01 6.56691879e-01
  1.11480876e+00 1.03296524e+00 1.16756842e+00 2.47742996e-01
  2.76660878e-01 2.29741544e+00 1.15502299e+00 6.35236495e-02
  2.74492957e-01 8.81216480e-01 6.30121058e-01 1.89701573e+00
  1.85966563e+00 1.75907637e+00 8.78235947e-01 6.48204002e-01
  1.24827523e+00 1.50659734e+00 2.58471634e+00 5.52400651e-01
  5.78540621e-02 2.04949990e+00 1.14945309e+00 1.50311380e+00
  1.13815614e+00 2.86092422e+00 4.04690509e-01 4.05499081e-01]
 [1.11334640e-01 1.15685060e+00 1.92336959e-01 7.24590923e-01
  3.25527950e-01 1.82219892e+00 1.32377778e+00 8.07096443e-01
  1.09608739e+00 7.14838019e-01 6.60024986e-01 8.50635373e-01
  9.56302523e-01 3.25532016e+00 2.73025761e-01 2.89959168e+00
  2.02252016e-02 9.20270197e-01 8.59078276e-02 1.28565873e+00
  2.71045668e+00 2.70832353e-01 1.16657717e+00 3.41315924e-01
  9.39991941e-01 3.47087753e-02 7.26216194e-01 1.74684614e-01
  1.65485365e+00 1.17552946e+00 3.16485547e-01 9.67040595e-01]
 [9.59237892e-01 1.36525689e+00 1.06408173e-01 5.73384258e-01
  3.15496961e-01 3.09892779e-01 8.72277678e-01 1.99326460e-01
  3.54884153e-01 2.05569821e-01 1.33692710e+00 2.78346879e-01
  2.97916562e-01 2.77381026e-01 5.87667499e-01 2.60488581e+00
  9.38123344e-03 1.22129911e+00 1.46424247e+00 1.25091132e+00
  1.51207305e+00 1.55624002e-01 1.12594094e+00 1.22004957e+00
  1.53553610e-01 2.12677354e+00 6.40120808e-01 2.45369936e-01
  2.48075766e+00 3.50810022e+00 1.91966245e+00 3.25663918e-01]
 [1.73327644e+00 8.56181378e-01 5.79243232e-02 3.38082898e-01
  1.10921228e+00 1.91332814e+00 1.63547473e+00 1.31892075e+00
  1.94935018e+00 3.44718800e-01 9.93121258e-01 1.15524033e+00
  1.00271796e+00 2.19073664e+00 4.83156049e-01 8.07421705e-01
  1.46427657e+00 1.83324348e+00 5.16169741e-01 4.01106492e-01
  8.17062831e-01 2.10738802e+00 3.96552467e-01 1.52698366e-01
  7.89352892e-01 1.78310657e+00 1.18175920e+00 1.01318956e+00
  1.62218663e+00 1.72939710e+00 1.87600400e+00 4.78598866e-01]
 [2.16548485e+00 2.34515163e+00 1.65016082e+00 1.14685308e+00
  9.67599344e-01 1.38714187e-01 8.34329493e-01 1.71275590e+00
  1.38314046e+00 1.31660043e+00 5.31954851e-01 1.37703928e+00
  1.44321212e+00 1.76635119e+00 1.29731862e+00 3.60293210e-01
  1.01241003e+00 1.61589291e+00 2.86503064e-01 6.46040193e-01
  1.11093541e+00 1.08953409e+00 4.17143481e-01 1.46559071e+00
  5.46553882e-01 2.34896284e+00 3.29230834e+00 1.89702349e+00
  7.69899470e-01 5.16343805e-01 1.04761353e-01 1.77520555e+00]
 [5.06833482e-01 7.21096888e-01 3.00194153e-01 7.67013753e-01
  1.57655607e+00 8.22931446e-01 8.49475263e-02 4.59339044e-02
  2.49220555e+00 1.17308524e+00 1.41668212e-01 8.33799759e-01
  1.43543259e+00 1.02115459e+00 1.94527117e+00 1.20468610e+00
  1.04020600e+00 8.38033949e-01 8.22935902e-01 3.12292639e+00
  6.47981676e-01 1.37108520e-01 3.83852855e+00 1.54731675e+00
  6.83924410e-01 7.28329602e-01 6.10202323e-01 9.96604127e-01
  6.15222110e-01 1.84527383e-01 5.03413012e-02 2.10256966e+00]
 [7.89397307e-01 6.77842951e-01 5.09428110e-01 1.06775320e+00
  2.44552949e+00 1.23718745e+00 1.94174386e+00 7.41366961e-01
  2.75900352e+00 4.57297717e-01 7.60056910e-02 3.19098816e-01
  1.60816999e+00 2.14859815e-01 6.76084636e-01 1.21114793e+00
  6.31895499e-01 1.72366884e+00 1.13390063e+00 2.12165101e+00
  1.46467459e+00 2.35007318e+00 1.87625439e+00 1.24948537e+00
  1.46701628e+00 5.34102959e-01 1.06332385e-02 2.92308245e+00
  1.29526027e-01 2.09044667e+00 5.79317301e-01 1.21408260e-01]
 [5.98309551e-01 1.43447823e+00 1.16405299e+00 6.24735542e-01
  2.29021133e+00 7.97733383e-01 1.77038992e+00 1.88945370e-01
  8.66990980e-01 8.77684114e-01 2.02355536e-01 7.45894214e-02
  4.05454024e+00 1.11113229e+00 1.62633928e+00 5.36499944e-01
  8.47283469e-01 1.42076360e+00 3.16695734e-01 2.73170579e+00
  5.18354681e-01 2.21196380e+00 2.68036032e+00 3.67958045e-01
  1.00293103e+00 1.98536308e+00 7.28231595e-01 6.19165359e-01
  2.68726695e+00 1.17112719e+00 3.10325847e-01 1.92748586e-01]
 [5.51292020e-01 8.94537926e-02 9.58069084e-01 9.51658864e-01
  4.02831594e-01 1.12578340e+00 2.36532262e-01 9.01419787e-01
  5.57336250e-01 2.15287775e+00 1.08628149e+00 3.00342700e-01
  1.06436210e+00 6.22612608e-01 2.36418682e+00 1.87493148e+00
  2.59229959e+00 1.09687213e+00 2.54675804e+00 1.29148291e+00
  2.52131014e+00 6.53038365e-01 2.07357358e+00 2.74214193e+00
  2.23238746e+00 2.08206643e+00 1.39413974e+00 1.09831728e+00
  1.77935471e+00 3.12307105e-01 2.76210604e+00 4.69094450e-01]
 [1.29698282e+00 1.09523240e+00 9.89050536e-01 1.59529022e+00
  1.93818058e+00 4.03487078e-01 8.08058279e-02 9.80227304e-01
  6.39146026e-01 5.26591171e-01 2.50801576e-01 2.04171845e+00
  2.15211971e-01 1.19888561e+00 4.79368442e-01 4.79403764e-01
  2.55358898e+00 1.75342958e-01 1.46757121e+00 1.71020476e-01
  8.23671356e-01 6.54817829e-01 4.85628270e-01 5.75364416e-01
  1.46560166e-01 3.95720665e-01 7.20530266e-02 3.53249023e-02
  4.63339567e-01 5.74604079e-01 6.56584629e-01 6.39060969e-01]
 [9.04737891e-01 9.40079395e-01 7.00048334e-02 1.85591306e+00
  1.65604528e-01 6.61682419e-01 2.53043276e+00 1.67131958e-01
  7.31700492e-02 3.03875050e+00 3.10073734e-02 9.60269723e-01
  1.16797719e+00 1.72787162e+00 1.98553761e+00 1.60731453e+00
  1.56666932e-01 3.74418999e-01 1.08692014e+00 4.28485401e-01
  7.90960768e-01 1.61846335e-01 1.67751061e+00 3.53959282e-01
  1.69338276e+00 1.78793293e+00 3.39253767e+00 1.64696920e-01
  2.83505538e-01 9.85767316e-01 3.48912639e-01 1.91283330e+00]
 [1.38155864e+00 3.99344248e-01 1.03773042e+00 2.31867591e+00
  7.98445858e-02 1.77188541e+00 3.71598626e-01 6.88616209e-01
  6.83859667e-02 3.80871024e-01 4.56955142e-01 2.00493496e-01
  8.45836416e-01 1.54601563e+00 1.83113839e+00 9.12639240e-01
  1.27626876e+00 6.40942565e-01 2.26707681e+00 5.74061275e-01
  4.59017085e-01 1.49542883e+00 3.51817428e-01 7.28749685e-01
  2.80019448e-01 3.19385114e-01 7.67637993e-01 1.21348190e+00
  1.69276099e+00 4.87108374e-01 7.48335059e-01 1.56158827e+00]
 [8.19016884e-01 5.70169148e-01 5.58094030e-01 8.36112359e-01
  2.64892418e+00 6.86049857e-01 2.55580141e+00 5.29332008e-01
  2.96827306e-01 1.61498402e+00 1.33881351e-01 2.29345612e+00
  1.18899453e+00 1.42108812e+00 8.70482110e-01 1.98612071e+00
  1.70689715e+00 1.80421286e-02 2.69832390e+00 1.55276974e-01
  1.75901400e+00 8.07528496e-01 3.24032044e-01 6.93071500e-01
  1.21005523e+00 1.83028647e+00 4.84813889e-01 1.83926192e+00
  1.32336369e+00 2.46713802e-01 9.53076263e-01 2.20829709e+00]
 [3.43280946e-01 2.48037467e+00 7.40565312e-01 6.45869886e-01
  6.83871930e-01 7.14626183e-01 4.00463074e-01 1.18184135e+00
  5.95226774e-02 1.72871925e+00 1.78398157e+00 1.62978152e+00
  3.90704148e+00 9.69828045e-01 3.75434767e-02 1.44673541e+00
  1.57140107e+00 2.48635569e+00 1.24285478e-01 1.36691299e+00
  5.16129030e-01 1.62731703e+00 9.67558560e-01 1.05602133e-01
  2.73592866e+00 7.22220551e-01 1.24636971e+00 1.05037533e+00
  1.50933024e+00 3.36279202e-01 1.72664941e+00 1.61542086e+00]
 [2.16947308e+00 1.39563907e-01 3.04290743e-01 4.62915270e-01
  1.04479035e+00 6.35997134e-01 1.09124097e+00 1.28140981e+00
  1.41723713e+00 1.93003075e+00 2.58241145e-01 5.85579695e-01
  1.02835885e+00 2.65524598e+00 2.02975905e+00 1.33267538e+00
  1.16856358e+00 3.99849605e-01 1.29890858e+00 5.70956144e-01
  1.40105489e-01 2.03737311e+00 7.75537922e-01 2.64028533e+00
  1.21062285e+00 3.01821894e+00 1.13112448e+00 8.06048274e-01
  1.44706140e-01 2.86879502e-01 9.62969237e-01 7.91599061e-01]
 [3.33860057e+00 4.33915785e-01 1.48934313e+00 2.02018639e+00
  2.11985198e-01 1.14959580e+00 2.63063599e+00 2.97476252e+00
  1.81938514e+00 7.47246494e-01 2.19161344e+00 1.76208111e+00
  1.22233052e+00 1.45646783e+00 1.50399678e+00 8.41676229e-01
  1.46583622e+00 1.05664147e+00 1.66376515e+00 8.48567957e-01
  6.28877055e-02 7.71703843e-01 1.50052179e+00 4.48042038e-01
  9.97673796e-01 1.73536732e-01 2.74950489e-01 4.21972596e-01
  1.87869137e+00 3.19433452e-01 3.34445808e-01 3.51917449e-02]
 [3.78618338e-01 1.49582168e+00 1.24679699e+00 1.50328502e+00
  2.71816590e+00 2.03475102e+00 1.46461366e+00 1.76572550e+00
  1.30862975e+00 2.02470592e+00 1.03930056e+00 2.17524392e+00
  4.46391290e-01 2.42781126e+00 1.68874991e+00 1.49953151e+00
  3.08979233e+00 3.24777609e-03 1.44293555e-01 1.05297996e+00
  2.91635408e-01 4.68475570e-01 2.23728701e+00 3.86704925e+00
  1.89165222e+00 6.67858148e-01 2.10922940e+00 1.35774536e-02
  4.39625900e-01 1.38266874e-01 2.62929716e-01 2.69905030e-02]
 [1.43160573e+00 1.03357240e+00 2.98817419e+00 3.11718596e+00
  7.52693087e-01 1.00086934e+00 3.67021231e-01 3.84294618e+00
  1.21981926e+00 1.87470242e+00 3.84991843e-02 2.81084489e-01
  8.99083346e-01 1.88447681e+00 1.06569384e+00 5.66730163e-01
  2.32764293e+00 7.47039644e-01 4.19762434e-01 2.42351756e+00
  1.83624024e+00 1.69969190e+00 6.18471721e-01 1.91341185e+00
  6.86496574e-01 8.55873810e-01 7.78118440e-01 1.93973807e-01
  1.93614037e+00 8.73853217e-01 4.44666482e-01 3.38049950e-01]
 [1.28398113e+00 1.42555913e+00 1.25236724e+00 1.41085147e-01
  8.44124032e-01 4.43760790e-01 3.03713639e+00 1.24201360e+00
  1.42839242e-01 1.09956537e-01 2.31345447e+00 3.42828142e-01
  1.63263353e+00 6.13631631e-01 6.55747110e-01 1.12990173e+00
  9.55121368e-01 1.46359037e+00 2.42231140e+00 2.86381675e+00
  1.86563591e+00 8.06195051e-01 1.31394982e-01 8.67635575e-01
  8.85211323e-01 4.52505910e+00 6.61570565e-01 2.94627647e+00
  1.20430324e+00 1.20900098e+00 2.27288686e-01 9.08046433e-01]
 [1.38611549e+00 6.05831966e-01 1.95126839e+00 4.57980387e-01
  1.88172177e+00 2.88478128e-01 8.43564182e-01 1.32689315e-01
  1.01242529e-01 1.46185265e+00 1.97653339e+00 4.32039600e-01
  4.54089542e-01 1.01277299e+00 3.03624268e-01 1.77347157e+00
  4.84609537e-02 2.58026737e+00 1.47181522e+00 2.02193699e+00
  2.12278562e-01 8.01140243e-02 6.31879112e-01 1.43063974e-01
  3.53820534e-02 2.16080396e+00 3.06787014e+00 7.81546244e-01
  9.79379676e-01 1.37395937e+00 1.83190799e+00 9.40533345e-01]]
Mean diff : :
 [1.14734857 0.93625922 0.93763699 1.1265924  1.22912713 1.03248653
 1.16059544 1.18785104 1.34022568 0.75314491 1.04649447 0.91110215
 1.1646059  1.20194321 1.11720492 1.18899016 1.31009479 1.26428464
 1.26729619 1.04451485]
Std diff : :
 [0.74727705 0.80158182 0.84507252 0.61981315 0.71729964 0.86848624
 0.81626751 0.92877254 0.83023019 0.61182234 0.89434637 0.62150679
 0.78250028 0.86087408 0.77078271 0.84266701 0.97752041 0.91832629
 0.99989343 0.82201371]
