(200, 32)
[[1.22243564 0.39933336 0.0470937  0.13735045 1.64003403 0.60859835
  2.44000611 0.82872519 0.61718724 1.07070107 1.66889572 0.15311893
  0.13298867 3.01409102 2.3205935  1.86878006 0.57257754 1.27954981
  1.42444304 0.10047164 2.66150068 0.15817778 2.25742744 1.58483624
  0.60873244 0.91057405 1.25053962 0.02089606 1.61182881 1.00889596
  0.18191896 1.96217022]
 [0.50027031 0.53970541 3.17475133 0.07639734 0.35844001 0.23179169
  1.36418137 0.46768635 3.68236089 1.25640064 2.6659419  1.35936487
  0.08253017 0.20880163 1.65884282 0.97713998 0.82081455 2.74824396
  0.15885625 0.27821409 1.43168369 0.37825283 0.5317906  2.70346095
  3.10381464 1.44171566 1.77307115 0.80379778 0.45155166 0.85598669
  0.74609186 0.4535266 ]
 [0.09147022 0.54556707 0.10361097 1.74777487 1.26341713 1.38540331
  0.22084877 1.5197223  0.03012058 0.28920174 1.01284717 1.50559445
  0.93245414 2.54516995 1.57620704 0.44481081 1.4576812  2.35365973
  1.52955238 2.70036996 2.09758361 0.46799048 0.64774153 0.11822305
  0.17506954 2.33051747 2.47795016 0.04091814 1.92060408 1.03503639
  1.60355044 0.55029743]
 [1.69121667 0.90406518 0.43487152 3.34883679 0.17218921 3.05859815
  0.02717085 1.05272954 1.37242161 1.16509965 1.86913843 0.43487498
  0.34863227 0.61165595 1.7456343  1.53743223 1.51164192 0.3946129
  1.97287708 0.78168899 2.961771   0.26054794 0.50438394 1.13069574
  1.89480993 0.04925824 0.81321698 1.18527487 2.07299297 1.73880934
  0.16484733 1.88672406]
 [0.23757212 1.11313529 0.16534819 0.75408947 0.19561365 1.8388319
  2.61772025 0.40793789 1.62651285 0.99175223 0.30807243 0.2740135
  0.59897548 0.72740632 1.21995098 0.3189461  0.94963947 0.32596075
  1.52047685 2.76808319 1.85544663 1.99293084 0.2122731  0.97724716
  0.05501919 0.08825562 0.946864   1.49372457 1.6482545  0.42973279
  2.03802822 0.64750796]
 [1.27386869 1.08124357 1.62956653 1.41195764 0.95723939 0.62438852
  0.65868929 0.2663322  0.10899006 0.65063853 0.77253253 2.99830931
  0.54395504 0.31269317 1.26343097 2.03364183 1.01500281 0.83839205
  0.30068567 3.32624937 1.85804411 0.83611782 1.47544297 1.18513055
  0.46380228 0.25433587 0.1540615  1.69695645 0.5151767  0.12158448
  0.91935736 2.65692867]
 [2.85632789 2.18470936 2.29384762 0.90209991 0.4416461  1.48151778
  2.0729055  2.43162462 1.7444028  0.34015389 0.19801848 1.18733709
  2.6523369  1.85899322 0.98072182 3.46785062 0.55268121 2.67888197
  0.93493401 0.12276492 0.83301929 0.07524865 0.71007812 3.73626349
  1.71719823 1.39903948 2.24919331 0.05605332 0.58787846 1.04100242
  2.02301567 1.48018061]
 [1.61098378 1.67361716 0.83970359 0.69168835 1.28868656 0.0971564
  2.27179855 0.82749345 0.75305856 0.06500715 1.79346352 0.12665892
  1.15850995 0.40302196 0.1886885  0.30931404 0.33459277 0.10281944
  2.0574391  0.82673236 2.65481126 1.30804426 0.47832587 0.17953358
  0.07171803 1.27204254 1.58008488 1.82990757 1.48890817 0.25828391
  0.6707968  0.45177933]
 [2.39577967 1.23009508 1.03731647 1.1495987  3.52828574 1.99093999
  0.14503791 0.34173941 0.08630471 3.10505262 0.03714884 0.39659497
  1.68139688 0.27015188 1.31735977 2.32252521 0.97418272 3.57319589
  1.70630119 0.43283475 0.82332382 1.49408211 0.34492614 0.58065604
  1.85334133 0.08872338 1.72464239 0.23451127 0.87657067 0.19866955
  1.89515741 1.3286242 ]
 [2.70734021 0.92499404 2.17115811 2.16643858 0.02766569 1.40745901
  2.81669054 1.28346007 2.08930717 1.75525053 1.01656921 2.90162322
  0.68524603 0.51686142 1.11062572 0.902057   0.28978181 0.33187262
  1.67500508 1.54387174 0.55155672 1.66774613 0.50781501 1.33102422
  0.36241263 0.09529822 0.72214319 1.32435564 0.61124736 0.46000518
  0.31890436 1.82923548]
 [2.25114952 0.86389866 0.41294835 0.36337412 0.56209599 2.57953137
  1.47823219 0.39706754 0.77838976 0.66050036 1.40723786 2.37043566
  1.01520457 0.13244605 1.58269534 0.23711567 2.763778   0.77662515
  0.88159221 2.70640953 0.71076686 1.44657575 1.63376079 0.3226966
  1.0246742  2.16705112 1.36246366 3.09314494 1.11938911 0.78301531
  0.27616216 1.03074257]
 [0.07206508 2.62844825 0.48394614 0.31708651 1.67821089 1.22287534
  0.02569718 1.14479929 0.20593937 0.27560354 0.23540246 0.26924397
  1.11705618 3.57044442 0.32909009 1.32761167 0.85712838 0.30502564
  1.70781008 1.18456688 0.76029382 0.88404795 1.3818535  1.88013316
  1.40229455 1.25933637 0.71945916 0.04435739 0.37085553 0.04446246
  3.58032625 0.2572859 ]
 [1.28970441 0.0330124  0.61296255 0.56231646 0.19129062 0.19499567
  0.60829737 1.77183267 0.59640671 1.38929608 2.84502681 1.62061456
  0.39098833 0.56412904 1.57976751 0.89631385 0.07658624 1.1860405
  1.40425801 0.54592418 1.75912045 0.43578314 1.61084202 0.94630319
  1.15498678 1.36504529 0.55724132 0.43627253 0.96927263 1.34061018
  1.10028622 0.86581395]
 [1.7547459  0.11136046 1.43756071 1.17452061 0.4450745  2.6330037
  1.06835802 2.0464356  1.19392315 0.24845735 0.64450446 0.19806562
  2.81407539 0.1777503  1.85721836 1.22667858 0.35310292 0.53311873
  1.06135397 1.09558187 0.33815908 0.82941959 0.9206293  2.11356688
  0.98880497 1.18358328 0.22619804 1.13777123 1.22113235 0.43396862
  2.17066456 1.79820174]
 [0.02438841 1.23841883 0.51854124 1.20564928 0.53233092 1.11194115
  1.16804916 0.40418839 0.18201935 0.51985538 0.6976342  2.92419622
  2.49181683 0.21237715 1.52760565 1.81792533 0.61683186 1.04148965
  0.3870166  1.02848806 0.45016614 2.54141202 1.68106047 1.08177592
  0.5260307  2.48630766 2.41887871 1.22204452 0.8570587  0.99643148
  0.47131264 0.20470158]
 [0.45740197 0.05304212 1.24238126 1.65928909 0.79738693 0.32400714
  1.65294413 0.61082836 0.78891188 0.01497861 1.3899239  2.08779325
  1.13981354 1.13765196 0.97087282 1.62745334 1.51670831 1.31568982
  1.01561419 0.10894538 0.03138593 0.51368611 1.17628057 0.3727113
  0.67385824 0.15294195 1.66241693 1.73252792 0.59897327 0.72620463
  0.65256986 0.08873148]
 [0.29113057 1.59372837 0.13358155 0.21856269 1.37086564 0.55680095
  1.11327456 0.80108781 0.81369491 0.1857288  0.72793583 1.17087292
  2.20116842 1.37371163 1.70861749 0.5572861  1.76017759 0.15595313
  0.55161226 1.22906024 0.16623632 2.93688282 2.57472565 2.14808192
  1.28826477 1.36220418 0.27396705 0.68604866 2.07719586 1.02554057
  0.80339633 0.93289826]
 [2.05790994 1.97615214 0.39815827 1.0701306  3.63087199 1.35646785
  0.09352432 0.04731238 1.22443651 0.12957341 0.50166903 0.9296978
  0.43497228 1.87442829 0.05191467 0.07370559 1.67070967 2.33702047
  0.2089316  0.70593882 0.20158703 1.57850279 2.27109935 1.06734372
  0.94352273 0.10274803 0.3367291  0.25289141 0.4715456  0.19574901
  1.20119377 0.33865253]
 [1.18873117 0.70741184 4.28113972 1.99369698 0.63818279 1.07916512
  1.14694408 2.5463424  0.46675205 0.53342522 2.05553887 0.22619568
  1.69036743 2.11123082 0.43716002 0.59640227 0.36195038 0.72001146
  2.86596226 2.2746029  0.38398816 2.43468394 0.39935812 3.60432069
  0.97528939 1.64897975 1.34497332 1.23658315 1.8216725  0.11137359
  3.03463189 1.23956339]
 [1.08454856 1.40124671 0.08401556 1.19168051 1.27835542 0.91425805
  0.66057734 0.44292515 1.66253209 0.17606934 1.34880278 0.78929238
  1.4557926  2.15168506 2.46668749 1.04985659 1.22842749 1.10640151
  1.82551664 0.69668592 0.22209454 1.77661268 0.47420474 1.89821211
  0.0378272  0.11785965 1.44221299 0.71161445 0.28389965 1.28927413
  1.45647585 0.03080118]]
Mean diff : :
 [1.11763979 1.16517124 1.14753019 1.22183502 0.97954136 1.06889831
 1.47787271 0.92702095 1.22390846 1.19078194 1.22472409 0.98571117
 0.96566693 1.10740593 1.08087326 0.88418519 1.08719668 0.92922158
 1.44239473 1.02363895]
Std diff : :
 [0.84230142 1.00947631 0.83104592 0.8752987  0.74817392 0.80673441
 0.98451924 0.71809024 0.98301667 0.798646   0.82103281 0.91754788
 0.60541767 0.72462847 0.77615625 0.58257695 0.73470721 0.86079879
 1.0307677  0.64622492]
