bart :
-0.69671914 -1.51451261 -0.67128731 -0.8800241   0.3794171  -1.03368044
  -0.36620518  0.08556715 -1.15623885 -0.57551299  0.73347771 -0.39379113
  -0.17130535 -0.73976673 -1.37576034 -0.19032397  0.56081834  0.58887823
  -0.98991269 -1.83551122 -0.38722674 -0.28975343 -0.26733916  1.81284582
  -1.09118389 -0.18516667  0.748614    0.09183163  0.44742971 -0.83678202
  -0.93625644  0.78868603

-0.28813193  0.08332212  1.53085494 -1.20695841 -0.1490386  -0.57068922
   0.94110553  1.35591992 -1.72642077  1.01010906 -1.95069309 -0.02279403
  -1.82445502 -1.92317554 -0.06404723  0.06032608  0.19131392  0.48726613
   1.19251121 -0.64295201 -0.71425276 -0.23158494 -0.14018666 -2.84246608
  -0.86940358 -0.11815752  0.26132854 -1.40362256  0.36761978  2.41480351
  -1.18679116  0.91975999

-0.82824761 -0.70295628  0.97816682 -1.0692043   0.1526292  -0.65209843
  -0.99320328  0.08153405  1.91184294  0.72753704  0.80261874 -0.16486284
  -0.40818103  0.89194393 -0.58744432  1.83525911 -1.19533939 -0.01974783
  -0.96610025  0.20081127  0.60245728 -0.62179749  0.16361552  1.55298198
   0.42195323  0.16334015  0.0355327   0.94941058 -0.96834886  0.02323518
   0.79539215  1.066795

-0.58971008  1.05998608  0.7061862   1.41664457  0.89051929  1.32030906
  -1.83039792  0.45603706 -0.5147915   0.08366661  1.2610748   0.42684158
  -1.26308535  0.41573744 -1.35303162  2.18148453 -0.73811365  0.99665447
  -0.74444633  0.17674623 -1.4627713  -1.33130441 -1.14286433 -0.92498209
   0.33168714 -1.35888424  0.30561053  2.00076038  0.25365962 -0.18448853
  -0.21195093  0.53791447

 0.64400331  1.00084999 -1.19307842  0.24118287 -1.11795929  0.1732162
  -1.0233662   0.18275589  0.57462893 -0.26906984 -0.15080081 -0.21322661
  -0.2415076  -1.34026281 -1.59886264 -0.43767888  0.93521157 -0.47097951
  -1.57758901  0.30125604  0.14923743 -0.36173321 -0.23318652  0.97814323
   0.88884    -0.56322023  0.79254479 -0.34968695  0.71760547 -0.02885093
  -0.2271308  -0.54738962

lisa :
-1.17306855 -2.28696899 -1.12653749  0.51246158 -1.35205122 -0.48809726
  -0.67865919 -0.53089814  1.09078095 -0.91552843 -0.27107674  0.03913982
  -1.24441313  0.29598907  0.44515545  0.46076086 -0.1182353   0.98538352
  -0.19196258  0.10708286 -1.13809289 -0.52314323 -0.11070768 -2.46628021
   0.11603407 -0.24403782  0.84194398  0.92506216  1.97786328  0.45717596
  -0.725296   -0.92978628



random :
1.38619594  0.48303799 -0.64391091 -1.3288486   1.37867764 -1.300086
  -0.54555212  1.91296175 -1.66488403 -0.34069711 -0.33083457  2.04682427
   0.06532806 -0.14405472  0.02885038 -0.28249304  0.68250144 -1.06364372
   0.81571527  0.65114597 -0.19853373 -0.68556826  0.08411296 -1.20202844
  -0.36088479  1.50593398  0.69632903 -0.31126031 -0.19856747 -1.44711754
  -2.67103283 -0.66073706